data = [0	0	-0.126092042763339	-0.126092042763339
1	2.49999999973958E-05	-1.36975817555374	-1.36973317555374
2	9.99999998333333E-05	0.183750312621499	0.183850312621332
3	0.000224999998102	0.204762131187665	0.204987131185766
4	0.000399999989333	-0.212385696186836	-0.211985696197503
5	0.00062499995931	0.511580624065164	0.512205624024474
6	0.0008999998785	0.121198350825957	0.122098350704457
7	0.001224999693622	-0.267633910304432	-0.26640891061081
8	0.001599999317333	0.8284521834053	0.830052182722634
9	0.002024998616039	-3.13932869490736	-3.13730369629132
10	0.002499997395834	0.273102619284243	0.275602616680077
11	0.003024995386562	-1.29008480763472	-1.28705981224816
12	0.003599992224005	-0.108591334092734	-0.104991341868729
13	0.004224987430196	0.064189194463246	0.068414181893442
14	0.004899980391857	1.26830130280189	1.27320128319375
15	0.005624970336961	0.682462951234368	0.688087921571329
16	0.006399956309423	1.06117729210514	1.06757724841457
17	0.007224937141911	-1.12969137657583	-1.12246643943392
18	0.008099911426791	-0.356981032086301	-0.348881120659511
19	0.009024877485184	0.012629228460824	0.021654105946008
20	0.009999833334167	-0.98473881676758	-0.974738983433413
21	0.011024776652084	1.40840810743484	1.41943288408692
22	0.012099704741995	-0.159774764716811	-0.147675059974816
23	0.013224614493244	0.013469300818559	0.026693915311803
24	0.01439950234116	-0.377714599038825	-0.363315096697665
25	0.015624364224883	0.742758519699969	0.758382883924852
26	0.016899195543322	-0.82488575786204	-0.807986562318719
27	0.018223991109232	1.20941525517367	1.2276392462829
28	0.019598745101438	0.171138149119243	0.190736894220681
29	0.021023451015172	0.327618456089662	0.348641907104833
30	0.022498101610554	2.05173131713922	2.07422941874977
31	0.024022688859198	-0.483989383909229	-0.459966695050031
32	0.025597203888958	-0.642267863091893	-0.616670659202935
33	0.027221636926802	-0.436388888246161	-0.409167251319359
34	0.02889597723983	0.270160768951764	0.299056746191593
35	0.030620213074421	-0.692293750101901	-0.66167353702748
36	0.032394331593532	-1.60233646266008	-1.56994213106654
37	0.034218318812123	-0.965198623409188	-0.930980304597065
38	0.03609215953074	1.00882998159238	1.04492214112312
39	0.038015837267234	-1.12164581819975	-1.08362998093252
40	0.039989334186634	0.252799319665021	0.292788653851655
41	0.042012631029165	-0.62803663492914	-0.586024003899975
42	0.044085707036426	0.796407029200246	0.840492736236672
43	0.046208539875717	-0.093462964357294	-0.047254424481576
44	0.048381105562537	-0.409604419381518	-0.361223313818981
45	0.05060337838123	-0.771258847322252	-0.720655468941022
46	0.052875330803813	1.81622881053466	1.86910414133847
47	0.055196933406965	-0.262257460594344	-0.207060527187379
48	0.057568154787198	-0.180981092637742	-0.123412937850544
49	0.059988961474202	-0.610384458606004	-0.550395497131802
50	0.06245931784238	-0.558035915034259	-0.495576597191879
51	0.064979186020574	1.43146569985028	1.49644488587085
52	0.067548525799978	0.120697574016894	0.188246099816872
53	0.070167294540268	0.836369314188454	0.906536608728722
54	0.072835447073924	0.387089157330994	0.459924604404918
55	0.075552935608779	-1.48561474303353	-1.41006180742475
56	0.078319709628785	0.143781157473727	0.222100867102512
57	0.081135715793009	-0.008672618109873	0.072463097683136
58	0.084000897832866	0.928113043299785	1.01211394113265
59	0.086915196447598	-1.61635292871547	-1.52943773226787
60	0.089878549198011	-0.791921970516543	-0.702043421318532
61	0.09289089039847	0.372798621071991	0.465689511470462
62	0.095952151007174	0.951078465200535	1.04703061620771
63	0.099062258514709	0.424802530497981	0.52386478901269
64	0.102221136830905	1.09781742310107	1.20003855993197
65	0.105428706169985	-1.42470568006574	-1.31927697389575
66	0.10868488293405	1.96045057686961	2.06913545980366
67	0.11198957959488	0.672649283324614	0.784638862919494
68	0.115342704574087	0.280151747657508	0.395494452231594
69	0.118744162121623	-0.698139392804964	-0.579395230683341
70	0.122193852192663	0.090989892535299	0.213183744727962
71	0.125691670322866	-0.483258717033666	-0.3575670467108
72	0.129237507502054	0.563744569801305	0.692982077303359
73	0.132831250046296	1.41838365692321	1.5512149069695
74	0.136472779468434	-0.430721842696204	-0.29424906322777
75	0.140161972347064	0.001114416043798	0.141276388390862
76	0.143898700193989	-0.569432182785181	-0.425533482591192
77	0.14768282932016	-0.635966208864773	-0.488283379544613
78	0.151514220700136	0.38445953944311	0.535973760143246
79	0.155392729835068	0.771302053602394	0.926694783437462
80	0.159318206614246	-0.476708472687468	-0.317390266073222
81	0.163290495175217	0.93892545336925	1.10221594854447
82	0.167309433762507	0.951101590834906	1.11841102459741
83	0.171374854584967	0.236505473334494	0.407880327919462
84	0.175486583671768	-0.273690979317173	-0.098204395645405
85	0.179644440727072	-0.319045343739166	-0.139400903012094
86	0.183848238983409	0.393789999919791	0.5776382389032
87	0.188097785053785	0.09755559721748	0.285653382271265
88	0.192392878782545	1.79027334481829	1.98266622360083
89	0.196733313095033	-0.093223884666571	0.103509428428463
90	0.201118873846073	0.28200427321153	0.483123147057603
91	0.205549339667298	0.134180335742181	0.339729675409479
92	0.210024481813374	0.841328398052325	1.0513528798657
93	0.21454406400714	-0.158887063597709	0.055657000409431
94	0.219107842283704	-0.210131810719421	0.008976031564282
95	0.223715564833539	0.016885763186488	0.240601328020027
96	0.228366971844603	1.17966501825525	1.40803199009985
97	0.233061795343532	-0.204055836929374	0.029005958414158
98	0.237799759035945	-2.46883411318073	-2.23103435414479
99	0.242580578145895	-1.09819159479192	-0.855611016646025
100	0.247403959254523	0.545972600769486	0.793376560024009
101	0.252269600137941	0.394377036746153	0.646646636884094
102	0.257177189604405	1.99896376074607	2.25614095035047
103	0.262126407330812	0.44116711983926	0.703293527170072
104	0.267116923698583	-0.24359220637294	0.023524717325643
105	0.27214839962896	0.309377001855569	0.581525401484529
106	0.277220486417795	0.851514656927247	1.12873514334504
107	0.282332825569857	-0.129444082671162	0.152888742898694
108	0.287485048632725	-0.301676300130765	-0.01419125149804
109	0.292676777030321	-2.27817323014659	-1.98549645311627
110	0.297907621896134	0.473347409097809	0.771255030993943
111	0.303177183906195	0.652248811165216	0.955425995071411
112	0.308485053111862	1.02210777960043	1.33059283271229
113	0.313830808772481	1.80911735268977	2.12294816146225
114	0.319214019187973	-0.653618383242157	-0.334404364054183
115	0.324634241531427	-0.869695810257624	-0.545061568726197
116	0.330091021681745	-0.182785680914962	0.147305340766783
117	0.335583894056426	1.05044264716155	1.38602654121797
118	0.341112381444544	0.32677179293387	0.667884174378414
119	0.346675994839997	0.262134646847274	0.608810641687272
120	0.35227423327509	0.006317891829244	0.358592125104334
121	0.357906583654537	-0.301638140475014	0.056268443179524
122	0.363572520589953	0.039735863847248	0.403308384437201
123	0.369271506234907	0.420751258969049	0.790022765203955
124	0.375002990120619	0.408776706059148	0.783779696179768
125	0.38076640899239	-0.343249603963492	0.037516805028899
126	0.386561186646824	0.46487265565145	0.851433842298275
127	0.392386733769954	-0.401454963725674	-0.00906822995572
128	0.398242447776333	1.02367078703507	1.42191323481141
129	0.404127712649195	-0.613821281085103	-0.209693568435908
130	0.410041898781764	-0.357334840878716	0.052707057903048
131	0.415984362819804	0.919870941094013	1.33585530391382
132	0.42195444750551	1.3842116920859	1.80616613959141
133	0.427951481522823	-0.297176622261524	0.130774859261298
134	0.43397477934427	-1.52782172847665	-1.09384694913239
135	0.440023641079434	0.238552806832147	0.678576447911581
136	0.446097352325142	-2.11880317137884	-1.67270581905369
137	0.45219518401748	0.125616735118899	0.577811919136379
138	0.458316392285734	1.20313023076953	1.66144662305526
139	0.464460218308371	0.511405311620308	0.97586552992868
